Node ID, (X,Y), (inDegree, outDegree), AS ID, Type0,  (  134,  288 ),  (    11,     11),    0,              RT_BORDER
1,  (  184,   95 ),  (    17,     17),    0,              RT_BORDER
2,  (  334,  598 ),  (    16,     16),    0,              RT_BORDER
3,  (   13,  453 ),  (    23,     23),    0,              RT_BORDER
4,  (  346,  801 ),  (     8,      8),    0,              RT_BORDER
5,  (  182,  944 ),  (    15,     15),    0,              RT_BORDER
6,  (  587,  374 ),  (    12,     12),    0,              RT_BORDER
7,  (  179,   98 ),  (     4,      4),    0,           RT_BACKBONE 
8,  (   94,  400 ),  (     3,      3),    0,               RT_STUB 
9,  (  986,  196 ),  (     4,      4),    0,               RT_STUB 
10,  (  370,  772 ),  (     6,      6),    0,              RT_BORDER
11,  (  289,  501 ),  (     7,      7),    0,              RT_BORDER
12,  (  494,  653 ),  (     5,      5),    0,               RT_STUB 
13,  (  201,  595 ),  (     6,      6),    0,               RT_STUB 
14,  (  338,  479 ),  (     6,      6),    0,               RT_STUB 
15,  (  881,  390 ),  (     6,      6),    0,              RT_BORDER
16,  (  965,  276 ),  (     4,      4),    0,              RT_BORDER
17,  (  243,  729 ),  (     5,      5),    0,              RT_BORDER
18,  (  116,  230 ),  (     2,      2),    0,               RT_LEAF 
19,  (  220,   49 ),  (     3,      3),    0,           RT_BACKBONE 
20,  (  211,  234 ),  (     3,      3),    0,           RT_BACKBONE 
21,  (  627,  516 ),  (     4,      4),    0,              RT_BORDER
22,  (  181,  181 ),  (     4,      4),    0,               RT_STUB 
23,  (  140,  493 ),  (     4,      4),    0,           RT_BACKBONE 
24,  (  741,  699 ),  (     7,      7),    0,              RT_BORDER
25,  (  273,  492 ),  (     6,      6),    0,              RT_BORDER
26,  (  418,  768 ),  (     2,      2),    0,               RT_LEAF 
27,  (  685,  395 ),  (     7,      7),    0,              RT_BORDER
28,  (  779,  722 ),  (     3,      3),    0,           RT_BACKBONE 
29,  (  932,  196 ),  (     6,      6),    0,              RT_BORDER
30,  (  256,  580 ),  (     8,      8),    0,              RT_BORDER
31,  (  643,  766 ),  (     5,      5),    0,               RT_STUB 
32,  (  609,  882 ),  (     7,      7),    0,              RT_BORDER
33,  (  491,  750 ),  (     3,      3),    0,               RT_STUB 
34,  (  292,  505 ),  (     3,      3),    0,               RT_STUB 
35,  (  714,  103 ),  (     2,      2),    0,               RT_LEAF 
36,  (  494,  500 ),  (     2,      2),    0,               RT_LEAF 
37,  (  783,  613 ),  (     3,      3),    0,               RT_STUB 
38,  (  746,  443 ),  (     2,      2),    0,               RT_LEAF 
39,  (  364,  984 ),  (     3,      3),    0,               RT_STUB 
40,  (  323,  968 ),  (     4,      4),    0,               RT_STUB 
41,  (  562,  337 ),  (     5,      5),    0,              RT_BORDER
42,  (  946,  145 ),  (     3,      3),    0,               RT_STUB 
43,  (  398,  820 ),  (     3,      3),    0,               RT_STUB 
44,  (   52,  609 ),  (     2,      2),    0,               RT_LEAF 
45,  (  446,   93 ),  (     3,      3),    0,               RT_STUB 
46,  (  230,  356 ),  (     3,      3),    0,           RT_BACKBONE 
47,  (  876,  828 ),  (     2,      2),    0,               RT_LEAF 
48,  (  794,   48 ),  (     2,      2),    0,               RT_LEAF 
49,  (  955,  674 ),  (     3,      3),    0,           RT_BACKBONE 
50,  (  364,  264 ),  (     3,      3),    0,           RT_BACKBONE 
51,  (  312,   98 ),  (     2,      2),    0,               RT_LEAF 
52,  (  193,  471 ),  (     2,      2),    0,               RT_LEAF 
53,  (  284,  662 ),  (     2,      2),    0,               RT_LEAF 
54,  (  554,  431 ),  (     4,      4),    0,               RT_STUB 
55,  (  999,  994 ),  (     3,      3),    0,               RT_STUB 
56,  (  280,  285 ),  (     2,      2),    0,               RT_LEAF 
57,  (   54,  438 ),  (     3,      3),    0,               RT_STUB 
58,  (  657,  769 ),  (     3,      3),    0,               RT_STUB 
59,  (  910,   45 ),  (     2,      2),    0,               RT_LEAF 
60,  (  594,  639 ),  (     2,      2),    0,               RT_LEAF 
61,  (   87,  788 ),  (     3,      3),    0,               RT_STUB 
62,  (    8,  871 ),  (     2,      2),    0,               RT_LEAF 
63,  (  871,  897 ),  (     2,      2),    0,               RT_LEAF 
64,  (  783,   11 ),  (     5,      5),    0,              RT_BORDER
65,  (  224,  896 ),  (     2,      2),    0,               RT_LEAF 
66,  (  582,  946 ),  (     2,      2),    0,               RT_LEAF 
67,  (  601,  866 ),  (     2,      2),    0,               RT_LEAF 
68,  (  229,  508 ),  (     3,      3),    0,               RT_STUB 
69,  (  270,  629 ),  (     3,      3),    0,               RT_STUB 
70,  (  868,  917 ),  (     3,      3),    0,               RT_STUB 
71,  (  772,  130 ),  (     3,      3),    0,               RT_STUB 
72,  (  516,  878 ),  (     2,      2),    0,               RT_LEAF 
73,  (  461,  167 ),  (     2,      2),    0,               RT_LEAF 
74,  (  930,  757 ),  (     3,      3),    0,           RT_BACKBONE 
75,  (  468,  606 ),  (     2,      2),    0,               RT_LEAF 
76,  (  718,  239 ),  (     3,      3),    0,               RT_STUB 
77,  (  212,  168 ),  (     2,      2),    0,               RT_LEAF 
78,  (  602,  974 ),  (     2,      2),    0,               RT_LEAF 
79,  (  281,  137 ),  (     2,      2),    0,               RT_LEAF 
80,  (  546,  413 ),  (     2,      2),    0,               RT_LEAF 
81,  (  540,  887 ),  (     3,      3),    0,               RT_STUB 
82,  (  683,  296 ),  (     2,      2),    0,               RT_LEAF 
83,  (  823,  676 ),  (     2,      2),    0,               RT_LEAF 
84,  (  366,  354 ),  (     2,      2),    0,               RT_LEAF 
85,  (  237,  864 ),  (     2,      2),    0,               RT_LEAF 
86,  (  277,  935 ),  (     2,      2),    0,               RT_LEAF 
87,  (  601,  790 ),  (     2,      2),    0,               RT_LEAF 
88,  (  991,  584 ),  (     2,      2),    0,               RT_LEAF 
89,  (  785,   69 ),  (     2,      2),    0,               RT_LEAF 
90,  (  138,  561 ),  (     2,      2),    0,               RT_LEAF 
91,  (   68,  960 ),  (     2,      2),    0,               RT_LEAF 
92,  (  915,  728 ),  (     2,      2),    0,               RT_LEAF 
93,  (   34,  704 ),  (     2,      2),    0,               RT_LEAF 
94,  (    2,    1 ),  (     2,      2),    0,               RT_LEAF 
95,  (  131,  802 ),  (     2,      2),    0,               RT_LEAF 
96,  (  377,  216 ),  (     2,      2),    0,               RT_LEAF 
97,  (  877,  127 ),  (     2,      2),    0,               RT_LEAF 
98,  (  407,  957 ),  (     2,      2),    0,               RT_LEAF 
99,  (  568,  590 ),  (     2,      2),    0,               RT_LEAF 
